5.213394976355346655e-01 0.000000000000000000e+00 6.358974358974358587e-01 0.000000000000000000e+00 0.000000000000000000e+00 0.000000000000000000e+00
5.861652869197760962e-01 0.000000000000000000e+00 6.717948717948717396e-01 0.000000000000000000e+00 0.000000000000000000e+00 0.000000000000000000e+00
6.445033866354894503e-01 0.000000000000000000e+00 7.076923076923076206e-01 0.000000000000000000e+00 0.000000000000000000e+00 0.000000000000000000e+00
6.979824404521127734e-01 0.000000000000000000e+00 7.435897435897436125e-01 0.000000000000000000e+00 0.000000000000000000e+00 0.000000000000000000e+00
7.476458780561549000e-01 0.000000000000000000e+00 7.794871794871794934e-01 0.000000000000000000e+00 0.000000000000000000e+00 0.000000000000000000e+00
7.942098153317111997e-01 0.000000000000000000e+00 8.153846153846153744e-01 0.000000000000000000e+00 0.000000000000000000e+00 0.000000000000000000e+00
8.381909702234344728e-01 0.000000000000000000e+00 8.512820512820512553e-01 0.000000000000000000e+00 0.000000000000000000e+00 0.000000000000000000e+00
8.799766896679559469e-01 0.000000000000000000e+00 8.871794871794870252e-01 0.000000000000000000e+00 0.000000000000000000e+00 0.000000000000000000e+00
9.198662110077996390e-01 0.000000000000000000e+00 9.230769230769230171e-01 0.000000000000000000e+00 0.000000000000000000e+00 0.000000000000000000e+00
9.580964032646808182e-01 0.000000000000000000e+00 9.589743589743590091e-01 0.000000000000000000e+00 0.000000000000000000e+00 0.000000000000000000e+00
9.948585777604723734e-01 0.000000000000000000e+00 9.948717948717950010e-01 0.000000000000000000e+00 0.000000000000000000e+00 0.000000000000000000e+00
1.030309886169428868e+00 0.000000000000000000e+00 1.030769230769230660e+00 0.000000000000000000e+00 0.000000000000000000e+00 0.000000000000000000e+00
1.064581294844753945e+00 0.000000000000000000e+00 1.066666666666666430e+00 0.000000000000000000e+00 0.000000000000000000e+00 0.000000000000000000e+00
1.097783314287571699e+00 0.000000000000000000e+00 1.102564102564102644e+00 0.000000000000000000e+00 0.000000000000000000e+00 0.000000000000000000e+00
1.130010210981775565e+00 0.000000000000000000e+00 1.138461538461538414e+00 0.000000000000000000e+00 0.000000000000000000e+00 0.000000000000000000e+00
1.161343165786042908e+00 0.000000000000000000e+00 1.174358974358973962e+00 0.000000000000000000e+00 0.000000000000000000e+00 0.000000000000000000e+00
1.191852684064947931e+00 0.000000000000000000e+00 1.210256410256409731e+00 0.000000000000000000e+00 0.000000000000000000e+00 0.000000000000000000e+00
1.221600463452634733e+00 0.000000000000000000e+00 1.246153846153845945e+00 0.000000000000000000e+00 0.000000000000000000e+00 0.000000000000000000e+00
1.250640861359712863e+00 0.000000000000000000e+00 1.282051282051281937e+00 0.000000000000000000e+00 0.000000000000000000e+00 0.000000000000000000e+00
1.279022062318486697e+00 0.000000000000000000e+00 1.317948717948717707e+00 0.000000000000000000e+00 0.000000000000000000e+00 0.000000000000000000e+00
1.306787016958887548e+00 0.000000000000000000e+00 1.353846153846153921e+00 0.000000000000000000e+00 0.000000000000000000e+00 0.000000000000000000e+00
1.333974204955695297e+00 0.000000000000000000e+00 1.389743589743589691e+00 0.000000000000000000e+00 0.000000000000000000e+00 0.000000000000000000e+00
1.360618260674922420e+00 0.000000000000000000e+00 1.425641025641025683e+00 0.000000000000000000e+00 0.000000000000000000e+00 0.000000000000000000e+00
1.386750490563072757e+00 0.000000000000000000e+00 1.461538461538461453e+00 0.000000000000000000e+00 0.000000000000000000e+00 0.000000000000000000e+00
1.412399304329974070e+00 0.000000000000000000e+00 1.497435897435897445e+00 0.000000000000000000e+00 0.000000000000000000e+00 0.000000000000000000e+00
1.437590576856521807e+00 0.000000000000000000e+00 1.533333333333332993e+00 0.000000000000000000e+00 0.000000000000000000e+00 0.000000000000000000e+00
1.462347953963603508e+00 0.000000000000000000e+00 1.569230769230768541e+00 0.000000000000000000e+00 0.000000000000000000e+00 0.000000000000000000e+00
1.486693112332336586e+00 0.000000000000000000e+00 1.605128205128204977e+00 0.000000000000000000e+00 0.000000000000000000e+00 0.000000000000000000e+00
1.510645981708249819e+00 0.000000000000000000e+00 1.641025641025640969e+00 0.000000000000000000e+00 0.000000000000000000e+00 0.000000000000000000e+00
1.534224935870276640e+00 0.000000000000000000e+00 1.676923076923076739e+00 0.000000000000000000e+00 0.000000000000000000e+00 0.000000000000000000e+00
1.557446957569029289e+00 0.000000000000000000e+00 1.712820512820512286e+00 0.000000000000000000e+00 0.000000000000000000e+00 0.000000000000000000e+00
1.580327781644016438e+00 0.000000000000000000e+00 1.748717948717948945e+00 0.000000000000000000e+00 0.000000000000000000e+00 0.000000000000000000e+00
1.602882019747794429e+00 0.000000000000000000e+00 1.784615384615384492e+00 0.000000000000000000e+00 0.000000000000000000e+00 0.000000000000000000e+00
1.625123269486238309e+00 0.000000000000000000e+00 1.820512820512819596e+00 0.000000000000000000e+00 0.000000000000000000e+00 0.000000000000000000e+00
1.647064210290695607e+00 0.000000000000000000e+00 1.856410256410256476e+00 0.000000000000000000e+00 0.000000000000000000e+00 0.000000000000000000e+00
1.668716687941780075e+00 0.000000000000000000e+00 1.892307692307692024e+00 0.000000000000000000e+00 0.000000000000000000e+00 0.000000000000000000e+00
1.690091789344666307e+00 0.000000000000000000e+00 1.928205128205128016e+00 0.000000000000000000e+00 0.000000000000000000e+00 0.000000000000000000e+00
1.711199908895838728e+00 0.000000000000000000e+00 1.964102564102564008e+00 0.000000000000000000e+00 0.000000000000000000e+00 0.000000000000000000e+00
1.732050807568876971e+00 0.000000000000000000e+00 2.000000000000000000e+00 0.000000000000000000e+00 0.000000000000000000e+00 0.000000000000000000e+00
